20000 6.0909
40000 87.2099
60000 57.4134
80000 333.279
100000 431.571
120000 295.597
140000 93.4042
160000 72.1044
180000 21.2743
200000 1336.28
220000 5238.56
240000 857.703
260000 848.772
280000 886.072
300000 539.668
320000 3650.43
340000 2684.14
360000 90.0421
380000 2472.52
400000 6109.87
420000 3244.68
440000 7648.92
460000 2253.4
480000 2537.9
500000 1652.32
520000 13740.9
540000 1966.91
560000 10302.8
580000 26696.7
600000 2937.78
620000 26475.6
640000 5024.06
660000 56449.8
680000 5863.41
700000 1165.81
720000 14677.7
740000 4566.41
760000 887.1
780000 16034.1
800000 6602.56
820000 8104.05
840000 2418.22
860000 26930.1
880000 20587
900000 1725.7
920000 80158.4
940000 16536.3
960000 13861.5
980000 30098.1
