20000 0.0468
40000 0.2454
60000 0.1271
80000 0.225
100000 0.4375
120000 0.3571
140000 0.3906
160000 0.6177
180000 0.4531
200000 0.6673
220000 0.5624
240000 0.5359
260000 0.5586
280000 0.6019
300000 0.6487
320000 0.6844
340000 0.8556
360000 0.7758
380000 0.8265
400000 1.0802
420000 1.0633
440000 1.1357
460000 1.217
480000 1.2909
500000 1.229
520000 2.7802
540000 1.4454
560000 1.9055
580000 1.6809
600000 1.5223
620000 1.7854
640000 1.4378
660000 1.4667
680000 1.533
700000 1.7737
720000 1.8032
740000 1.5954
760000 2.7749
780000 1.9838
800000 1.7588
820000 1.9339
840000 1.84
860000 2.47
880000 2.1901
900000 2.1702
920000 2.5003
940000 2.5435
960000 3.5921
980000 2.5556
