1000 1
2000 2
3000 4
4000 7
5000 6
6000 9
7000 10
8000 10
9000 12
10000 14
11000 17
12000 19
13000 22
14000 24
15000 22
16000 26
17000 27
18000 29
19000 31
20000 30
21000 31
22000 39
23000 36
24000 36
25000 35
26000 42
27000 42
28000 44
29000 49
30000 40
31000 41
32000 45
33000 42
34000 44
35000 52
36000 51
37000 49
38000 51
39000 53
40000 60
41000 52
42000 62
43000 65
44000 70
45000 87
46000 77
47000 78
48000 83
49000 78
50000 85
51000 74
52000 69
53000 70
54000 84
55000 74
56000 76
57000 81
58000 101
59000 89
60000 90
61000 84
62000 87
63000 106
64000 95
65000 106
66000 92
67000 91
68000 100
69000 116
70000 120
71000 133
72000 104
73000 107
74000 105
75000 102
76000 118
77000 114
78000 106
79000 106
80000 105
81000 120
82000 130
83000 115
84000 131
85000 145
86000 144
87000 122
88000 136
89000 181
90000 129
91000 134
92000 139
93000 144
94000 159
95000 157
96000 161
97000 135
98000 177
99000 170
100000 168
101000 149
102000 139
103000 137
104000 159
105000 146
106000 148
107000 145
108000 149
109000 142
110000 149
111000 201
112000 151
113000 163
114000 160
115000 166
116000 151
117000 164
118000 166
119000 161
120000 179
121000 174
122000 167
123000 169
124000 170
125000 171
126000 172
127000 179
128000 180
129000 178
130000 179
131000 219
132000 183
133000 177
134000 184
135000 188
136000 194
137000 182
138000 195
139000 220
140000 191
141000 197
142000 181
143000 201
144000 204
145000 207
146000 191
147000 196
148000 208
149000 194
150000 209
151000 202
152000 215
153000 214
154000 203
155000 218
156000 218
157000 211
158000 217
159000 219
160000 212
161000 216
162000 225
163000 230
164000 227
165000 224
166000 229
167000 236
168000 238
169000 239
170000 240
171000 224
172000 230
173000 242
174000 242
175000 247
176000 254
177000 246
178000 247
179000 254
180000 245
181000 243
182000 259
183000 279
184000 261
185000 261
186000 248
187000 261
188000 263
189000 262
190000 264
191000 268
192000 272
193000 255
194000 265
195000 266
196000 269
197000 259
198000 282
199000 279
200000 279
201000 277
202000 287
203000 285
204000 285
205000 273
206000 289
207000 285
208000 286
209000 282
210000 313
211000 287
212000 301
213000 296
214000 291
215000 304
216000 293
217000 312
218000 301
219000 315
220000 291
221000 299
222000 293
223000 297
224000 311
225000 324
226000 324
227000 303
228000 307
229000 307
230000 320
231000 322
232000 305
233000 320
234000 307
235000 318
236000 312
237000 333
238000 329
239000 344
240000 352
241000 329
242000 323
243000 329
244000 328
245000 334
246000 344
247000 333
248000 336
249000 343
250000 340
251000 346
252000 339
253000 354
254000 357
255000 344
256000 361
257000 345
258000 347
259000 353
260000 355
261000 351
262000 368
263000 363
264000 381
265000 363
266000 348
267000 355
268000 388
269000 363
270000 355
271000 356
272000 371
273000 392
274000 371
275000 387
276000 382
277000 386
278000 415
279000 384
280000 375
281000 388
282000 399
283000 385
284000 410
285000 394
286000 402
287000 378
288000 391
289000 400
290000 393
291000 405
292000 406
293000 409
294000 396
295000 425
296000 398
297000 432
298000 414
299000 409
300000 408
301000 424
302000 414
303000 412
304000 411
305000 435
306000 417
307000 419
308000 445
309000 411
310000 427
311000 420
312000 435
313000 407
314000 438
315000 449
316000 436
317000 433
318000 437
319000 442
320000 459
321000 430
322000 455
323000 453
324000 442
325000 447
326000 442
327000 478
328000 462
329000 456
330000 471
331000 488
332000 472
333000 463
334000 485
335000 503
336000 471
337000 458
338000 473
339000 466
340000 459
341000 475
342000 473
343000 497
344000 471
345000 504
346000 478
347000 486
348000 482
349000 491
350000 496
351000 479
352000 496
353000 497
354000 485
355000 473
356000 499
357000 485
358000 498
359000 526
360000 491
361000 506
362000 520
363000 531
364000 527
365000 523
366000 500
367000 521
368000 512
369000 519
370000 508
371000 519
372000 521
373000 532
374000 498
375000 512
376000 550
377000 516
378000 525
379000 526
380000 683
381000 545
382000 535
383000 518
384000 516
385000 534
386000 545
387000 581
388000 586
389000 528
390000 531
391000 533
392000 561
393000 541
394000 549
395000 550
396000 573
397000 538
398000 546
399000 572
400000 534
401000 544
402000 584
403000 600
404000 551
405000 569
406000 597
407000 613
408000 558
409000 561
410000 583
411000 599
412000 576
413000 542
414000 573
415000 588
416000 572
417000 585
418000 599
419000 570
420000 574
421000 603
422000 600
423000 604
424000 551
425000 586
426000 579
427000 589
428000 595
429000 638
430000 622
431000 619
432000 599
433000 581
434000 572
435000 624
436000 628
437000 601
438000 588
439000 621
440000 601
441000 603
442000 631
443000 598
444000 591
445000 649
446000 629
447000 649
448000 618
449000 616
450000 643
451000 645
452000 614
453000 619
454000 613
455000 650
456000 616
457000 622
458000 641
459000 638
460000 645
461000 648
462000 633
463000 631
464000 642
465000 643
466000 634
467000 670
468000 660
469000 647
470000 659
471000 649
472000 674
473000 640
474000 674
475000 673
476000 674
477000 649
478000 635
479000 681
480000 672
481000 683
482000 640
483000 641
484000 682
485000 686
486000 682
487000 663
488000 664
489000 666
490000 687
491000 673
492000 693
493000 696
494000 668
495000 665
496000 687
497000 686
498000 679
499000 709
500000 677
501000 706
502000 739
503000 672
504000 714
505000 665
506000 738
507000 702
508000 681
509000 710
510000 715
511000 710
512000 729
513000 722
514000 727
515000 683
516000 705
517000 696
518000 726
519000 700
520000 701
521000 725
522000 725
523000 690
524000 721
525000 714
526000 742
527000 735
528000 789
529000 728
530000 758
531000 779
532000 740
533000 741
534000 732
535000 775
536000 758
537000 746
538000 749
539000 730
540000 736
541000 769
542000 724
543000 758
544000 754
545000 751
546000 804
547000 749
548000 766
549000 766
550000 784
551000 765
552000 766
553000 785
554000 784
555000 769
556000 768
557000 785
558000 757
559000 811
560000 772
561000 807
562000 784
563000 792
564000 782
565000 787
566000 765
567000 747
568000 810
569000 787
570000 796
571000 774
572000 778
573000 812
574000 810
575000 788
576000 811
577000 774
578000 814
579000 799
580000 802
581000 809
582000 843
583000 804
584000 823
585000 805
586000 813
587000 888
588000 815
589000 823
590000 821
591000 834
592000 853
593000 896
594000 826
595000 779
596000 851
597000 825
598000 815
599000 788
600000 787
601000 803
602000 831
603000 817
604000 850
605000 818
606000 834
607000 865
608000 861
609000 827
610000 890
611000 883
612000 862
613000 846
614000 847
615000 886
616000 856
617000 864
618000 896
619000 856
620000 848
621000 841
622000 884
623000 823
624000 846
625000 878
626000 908
627000 890
628000 855
629000 892
630000 893
631000 879
632000 909
633000 866
634000 889
635000 874
636000 896
637000 856
638000 893
639000 893
640000 878
641000 906
642000 860
643000 937
644000 896
645000 889
646000 928
647000 914
648000 929
649000 899
650000 922
651000 846
652000 880
653000 894
654000 1124
655000 1127
656000 1058
657000 1195
658000 1088
659000 1094
660000 1343
661000 1479
662000 2930
663000 2212
664000 1036
665000 1183
666000 1039
667000 1004
668000 895
669000 1032
670000 969
671000 1061
672000 1054
673000 1026
674000 1098
675000 1066
676000 1045
677000 1046
678000 1008
679000 1013
680000 1128
681000 1208
682000 983
683000 990
684000 969
685000 1051
686000 935
687000 1230
688000 1072
689000 1173
690000 1221
691000 1113
692000 1111
693000 1231
694000 1067
695000 989
696000 1021
697000 1068
698000 1312
699000 1086
700000 955
701000 976
702000 934
703000 986
704000 977
705000 1014
706000 1012
707000 990
708000 923
709000 1009
710000 975
711000 1018
712000 957
713000 986
714000 981
715000 1027
716000 971
717000 980
718000 967
719000 990
720000 987
721000 1038
722000 1030
723000 1029
724000 1008
725000 1039
726000 995
727000 1003
728000 1012
729000 1016
730000 1007
731000 1025
732000 1024
733000 1006
734000 1020
735000 1002
736000 1012
737000 1024
738000 1041
739000 1025
740000 1050
741000 1042
742000 1066
743000 1080
744000 1045
745000 1034
746000 1008
747000 1102
748000 1029
749000 1043
750000 1037
751000 1026
752000 1044
753000 1034
754000 1096
755000 1087
756000 1076
757000 1059
758000 1106
759000 1039
760000 1086
761000 1071
762000 1080
763000 1066
764000 1140
765000 1048
766000 1093
767000 1088
768000 1088
769000 1072
770000 1084
771000 1069
772000 1146
773000 1073
774000 1078
775000 1084
776000 1067
777000 1057
778000 1080
779000 1107
780000 1125
781000 1122
782000 1110
783000 1081
784000 1100
785000 1108
786000 1108
787000 1076
788000 1222
789000 1134
790000 1129
791000 1145
792000 1124
793000 1106
794000 1129
795000 1122
796000 1128
797000 1159
798000 1149
799000 1166
800000 1082
801000 1127
802000 1102
803000 1110
804000 1129
805000 1118
806000 1145
807000 1122
808000 1073
809000 1114
810000 1148
811000 1119
812000 1199
813000 1137
814000 1182
815000 1145
816000 1122
817000 1138
818000 1139
819000 1129
820000 1163
821000 1129
822000 1158
823000 1112
824000 1129
825000 1164
826000 1168
827000 1139
828000 1150
829000 1172
830000 1143
831000 1200
832000 1131
833000 1164
834000 1156
835000 1225
836000 1131
837000 1162
838000 1185
839000 1210
840000 1157
841000 1129
842000 1166
843000 1196
844000 1574
845000 1391
846000 1556
847000 1188
848000 1441
849000 1336
850000 1203
851000 1213
852000 1207
853000 1303
854000 1268
855000 1156
856000 1165
857000 1190
858000 1229
859000 1221
860000 1147
861000 1234
862000 1238
863000 1243
864000 1209
865000 1201
866000 1178
867000 1222
868000 1255
869000 1250
870000 1296
871000 1251
872000 1174
873000 1208
874000 1234
875000 1211
876000 1265
877000 1199
878000 1235
879000 1242
880000 1167
881000 1220
882000 1248
883000 1238
884000 1242
885000 1236
886000 1260
887000 1214
888000 1220
889000 1303
890000 1209
891000 1216
892000 1248
893000 1260
894000 1322
895000 1266
896000 1242
897000 1304
898000 1238
899000 1320
900000 1326
901000 1276
902000 1201
903000 1251
904000 1262
905000 1253
906000 1246
907000 1314
908000 1308
909000 1252
910000 1284
911000 1402
912000 1257
913000 1258
914000 1315
915000 1305
916000 1313
917000 1293
918000 1309
919000 1289
920000 1280
921000 1302
922000 1233
923000 1232
924000 1289
925000 1299
926000 1302
927000 1331
928000 1508
929000 1273
930000 1312
931000 1293
932000 1288
933000 1295
934000 1099
935000 1371
936000 1314
937000 1332
938000 1306
939000 1297
940000 1343
941000 1268
942000 1368
943000 1357
944000 1339
945000 1346
946000 1338
947000 1357
948000 1322
949000 1307
950000 1349
951000 1380
952000 1290
953000 1287
954000 1366
955000 1317
956000 1347
957000 1341
958000 1346
959000 1405
960000 1375
961000 1300
962000 1338
963000 1326
964000 1316
965000 1333
966000 1346
967000 1349
968000 1382
969000 1368
970000 1379
971000 1337
972000 1412
973000 1308
974000 1560
975000 1573
976000 1694
977000 1791
978000 1569
979000 1654
980000 1367
981000 1408
982000 1369
983000 1322
984000 1343
985000 1460
986000 1390
987000 1387
988000 1429
989000 1394
990000 1409
991000 1362
992000 1436
993000 1723
994000 1415
995000 1449
996000 1402
997000 1400
998000 1425
999000 1411
