1000 2
2000 5
3000 6
4000 13
5000 11
6000 14
7000 16
8000 18
9000 22
10000 24
11000 27
12000 31
13000 34
14000 35
15000 37
16000 41
17000 42
18000 47
19000 48
20000 48
21000 55
22000 57
23000 57
24000 58
25000 56
26000 61
27000 66
28000 68
29000 66
30000 67
31000 63
32000 65
33000 67
34000 74
35000 75
36000 77
37000 94
38000 81
39000 87
40000 87
41000 87
42000 91
43000 104
44000 119
45000 124
46000 121
47000 129
48000 127
49000 120
50000 130
51000 105
52000 117
53000 129
54000 127
55000 120
56000 120
57000 125
58000 149
59000 144
60000 127
61000 144
62000 193
63000 146
64000 154
65000 161
66000 149
67000 156
68000 168
69000 172
70000 191
71000 175
72000 159
73000 230
74000 162
75000 178
76000 179
77000 198
78000 167
79000 177
80000 181
81000 182
82000 221
83000 182
84000 228
85000 215
86000 213
87000 188
88000 194
89000 198
90000 196
91000 231
92000 228
93000 226
94000 252
95000 255
96000 215
97000 286
98000 260
99000 253
100000 254
101000 223
102000 229
103000 229
104000 239
105000 221
106000 220
107000 245
108000 239
109000 237
110000 250
111000 247
112000 292
113000 254
114000 263
115000 259
116000 252
117000 265
118000 260
119000 266
120000 270
121000 262
122000 260
123000 277
124000 261
125000 276
126000 280
127000 282
128000 290
129000 271
130000 283
131000 289
132000 292
133000 291
134000 296
135000 327
136000 306
137000 308
138000 307
139000 325
140000 311
141000 317
142000 302
143000 306
144000 320
145000 330
146000 315
147000 326
148000 316
149000 314
150000 325
151000 329
152000 333
153000 350
154000 340
155000 342
156000 348
157000 350
158000 343
159000 341
160000 346
161000 353
162000 361
163000 345
164000 377
165000 368
166000 364
167000 366
168000 369
169000 372
170000 363
171000 378
172000 363
173000 391
174000 393
175000 375
176000 388
177000 384
178000 416
179000 390
180000 384
181000 415
182000 411
183000 407
184000 407
185000 388
186000 409
187000 414
188000 401
189000 407
190000 411
191000 439
192000 428
193000 430
194000 435
195000 415
196000 428
197000 438
198000 413
199000 442
200000 429
201000 449
202000 455
203000 433
204000 444
205000 447
206000 460
207000 444
208000 449
209000 467
210000 462
211000 460
212000 488
213000 466
214000 467
215000 466
216000 467
217000 462
218000 491
219000 482
220000 469
221000 477
222000 478
223000 498
224000 496
225000 499
226000 481
227000 480
228000 495
229000 500
230000 509
231000 532
232000 508
233000 511
234000 506
235000 509
236000 520
237000 517
238000 509
239000 579
240000 537
241000 527
242000 548
243000 527
244000 529
245000 536
246000 521
247000 525
248000 540
249000 527
250000 541
251000 576
252000 544
253000 570
254000 558
255000 575
256000 565
257000 567
258000 560
259000 579
260000 587
261000 566
262000 574
263000 577
264000 568
265000 570
266000 577
267000 572
268000 586
269000 596
270000 582
271000 599
272000 605
273000 597
274000 586
275000 625
276000 595
277000 684
278000 603
279000 609
280000 603
281000 622
282000 621
283000 605
284000 617
285000 609
286000 641
287000 632
288000 632
289000 636
290000 635
291000 638
292000 641
293000 622
294000 654
295000 660
296000 662
297000 660
298000 647
299000 645
300000 657
301000 653
302000 664
303000 655
304000 649
305000 672
306000 671
307000 675
308000 662
309000 697
310000 674
311000 664
312000 681
313000 681
314000 709
315000 712
316000 668
317000 693
318000 693
319000 694
320000 714
321000 696
322000 704
323000 709
324000 698
325000 707
326000 726
327000 709
328000 706
329000 733
330000 726
331000 735
332000 730
333000 743
334000 764
335000 845
336000 752
337000 764
338000 765
339000 736
340000 738
341000 770
342000 750
343000 734
344000 759
345000 743
346000 803
347000 759
348000 757
349000 768
350000 772
351000 772
352000 764
353000 781
354000 789
355000 766
356000 779
357000 777
358000 767
359000 795
360000 787
361000 784
362000 797
363000 810
364000 793
365000 790
366000 783
367000 808
368000 787
369000 794
370000 791
371000 817
372000 810
373000 803
374000 822
375000 832
376000 821
377000 818
378000 871
379000 835
380000 923
381000 843
382000 848
383000 838
384000 836
385000 864
386000 902
387000 950
388000 840
389000 842
390000 863
391000 845
392000 858
393000 858
394000 892
395000 865
396000 851
397000 884
398000 886
399000 880
400000 878
401000 884
402000 866
403000 869
404000 883
405000 901
406000 888
407000 875
408000 909
409000 888
410000 885
411000 907
412000 913
413000 902
414000 902
415000 918
416000 925
417000 921
418000 933
419000 928
420000 918
421000 936
422000 927
423000 937
424000 942
425000 916
426000 935
427000 942
428000 995
429000 1000
430000 956
431000 950
432000 935
433000 926
434000 947
435000 969
436000 946
437000 949
438000 955
439000 955
440000 987
441000 978
442000 979
443000 975
444000 980
445000 948
446000 1017
447000 991
448000 1004
449000 998
450000 1079
451000 980
452000 987
453000 995
454000 1005
455000 984
456000 1012
457000 986
458000 987
459000 999
460000 1021
461000 1013
462000 1017
463000 1006
464000 995
465000 1032
466000 1021
467000 1020
468000 1012
469000 1017
470000 1062
471000 1035
472000 1033
473000 1027
474000 1058
475000 1030
476000 1035
477000 1056
478000 1041
479000 1037
480000 1075
481000 1069
482000 1071
483000 1069
484000 1084
485000 1074
486000 1073
487000 1074
488000 1073
489000 1066
490000 1062
491000 1091
492000 1074
493000 1085
494000 1100
495000 1087
496000 1104
497000 1084
498000 1076
499000 1089
500000 1076
501000 1085
502000 1085
503000 1115
504000 1102
505000 1091
506000 1108
507000 1092
508000 1105
509000 1148
510000 1107
511000 1124
512000 1117
513000 1156
514000 1149
515000 1167
516000 1128
517000 1162
518000 1126
519000 1146
520000 1148
521000 1131
522000 1120
523000 1168
524000 1139
525000 1126
526000 1151
527000 1191
528000 1173
529000 1134
530000 1157
531000 1146
532000 1161
533000 1163
534000 1157
535000 1167
536000 1152
537000 1174
538000 1166
539000 1189
540000 1193
541000 1153
542000 1199
543000 1191
544000 1181
545000 1201
546000 1228
547000 1181
548000 1197
549000 1197
550000 1200
551000 1182
552000 1220
553000 1204
554000 1209
555000 1230
556000 1222
557000 1225
558000 1223
559000 1215
560000 1229
561000 1257
562000 1258
563000 1260
564000 1243
565000 1238
566000 1244
567000 1236
568000 1218
569000 1257
570000 1239
571000 1237
572000 1302
573000 1250
574000 1265
575000 1283
576000 1255
577000 1270
578000 1306
579000 1279
580000 1275
581000 1256
582000 1296
583000 1275
584000 1313
585000 1307
586000 1333
587000 1316
588000 1269
589000 1316
590000 1323
591000 1312
592000 1413
593000 1370
594000 1332
595000 1298
596000 1310
597000 1286
598000 1331
599000 1281
600000 1322
601000 1333
602000 1317
603000 1347
604000 1343
605000 1356
606000 1323
607000 1375
608000 1354
609000 1440
610000 1343
611000 1327
612000 1333
613000 1408
614000 1371
615000 1359
616000 1337
617000 1372
618000 1379
619000 1358
620000 1381
621000 1378
622000 1373
623000 1378
624000 1375
625000 1374
626000 1373
627000 1367
628000 1373
629000 1385
630000 1399
631000 1412
632000 1403
633000 1412
634000 1418
635000 1400
636000 1419
637000 1409
638000 1385
639000 1412
640000 1436
641000 1456
642000 1409
643000 1446
644000 1438
645000 1399
646000 1395
647000 1404
648000 1445
649000 1443
650000 1434
651000 1418
652000 1430
653000 1743
654000 1613
655000 1772
656000 1707
657000 1671
658000 1777
659000 1698
660000 2901
661000 3330
662000 3435
663000 2429
664000 1687
665000 1765
666000 1547
667000 1745
668000 1617
669000 1510
670000 1599
671000 1484
672000 1846
673000 1602
674000 1710
675000 1613
676000 1644
677000 1583
678000 1700
679000 1875
680000 1993
681000 1610
682000 1587
683000 1529
684000 1607
685000 1866
686000 1637
687000 1640
688000 1862
689000 1768
690000 1606
691000 1757
692000 1878
693000 1761
694000 1655
695000 1568
696000 1625
697000 1635
698000 1942
699000 1513
700000 1585
701000 1596
702000 1538
703000 1519
704000 1566
705000 1526
706000 1577
707000 1538
708000 1576
709000 1627
710000 1553
711000 1538
712000 1581
713000 1564
714000 1598
715000 1593
716000 1566
717000 1566
718000 1577
719000 1575
720000 1580
721000 1626
722000 1612
723000 1631
724000 1617
725000 1628
726000 1617
727000 1625
728000 1642
729000 1631
730000 1650
731000 1631
732000 1654
733000 1636
734000 1630
735000 1634
736000 1638
737000 1635
738000 1625
739000 1623
740000 1658
741000 1685
742000 1659
743000 1649
744000 1649
745000 1627
746000 1681
747000 1634
748000 1663
749000 1691
750000 1678
751000 1652
752000 1704
753000 1689
754000 1695
755000 1675
756000 1685
757000 1685
758000 1667
759000 1712
760000 1706
761000 1705
762000 1676
763000 1718
764000 1688
765000 1703
766000 1702
767000 1683
768000 1665
769000 1703
770000 1705
771000 1704
772000 1702
773000 1761
774000 1727
775000 1705
776000 1710
777000 1724
778000 1728
779000 1716
780000 1728
781000 1714
782000 1756
783000 1745
784000 1747
785000 1761
786000 1736
787000 1757
788000 1743
789000 1757
790000 1730
791000 1747
792000 1758
793000 1755
794000 1779
795000 1782
796000 1906
797000 1781
798000 1850
799000 1802
800000 1875
801000 1793
802000 1775
803000 1820
804000 1748
805000 1778
806000 1812
807000 1768
808000 1794
809000 1815
810000 1842
811000 1832
812000 1846
813000 1812
814000 1832
815000 1823
816000 1834
817000 1792
818000 1823
819000 1819
820000 1839
821000 1788
822000 1817
823000 1841
824000 1796
825000 1845
826000 1911
827000 1843
828000 1807
829000 1841
830000 1827
831000 1844
832000 1873
833000 1852
834000 1829
835000 1824
836000 1863
837000 1849
838000 1861
839000 1859
840000 1858
841000 1814
842000 1896
843000 2387
844000 2294
845000 2429
846000 2115
847000 1955
848000 2121
849000 1873
850000 1866
851000 1881
852000 1882
853000 2473
854000 1880
855000 1867
856000 1935
857000 1893
858000 1919
859000 1883
860000 1932
861000 1919
862000 1902
863000 1896
864000 1945
865000 1890
866000 1921
867000 1923
868000 1941
869000 1955
870000 1999
871000 1902
872000 1952
873000 1972
874000 1908
875000 1973
876000 1978
877000 1925
878000 1932
879000 1947
880000 1979
881000 1967
882000 1959
883000 1949
884000 1921
885000 2066
886000 2008
887000 1946
888000 2045
889000 1990
890000 1964
891000 1932
892000 1969
893000 1941
894000 1986
895000 2004
896000 1988
897000 1962
898000 1980
899000 1994
900000 1967
901000 2035
902000 2003
903000 1964
904000 2015
905000 1992
906000 2044
907000 2004
908000 2014
909000 2013
910000 2094
911000 2036
912000 2057
913000 2017
914000 2019
915000 2045
916000 2012
917000 2008
918000 2067
919000 2012
920000 2024
921000 2040
922000 2031
923000 2027
924000 2079
925000 2058
926000 2047
927000 2082
928000 2078
929000 2034
930000 2027
931000 2078
932000 2065
933000 2068
934000 2051
935000 2081
936000 2064
937000 2067
938000 2083
939000 2104
940000 2126
941000 2097
942000 2100
943000 2152
944000 2054
945000 2130
946000 2120
947000 2081
948000 2119
949000 2101
950000 2124
951000 2113
952000 2091
953000 2147
954000 2152
955000 2135
956000 2142
957000 2121
958000 2124
959000 2179
960000 2185
961000 2134
962000 2136
963000 2146
964000 2132
965000 2136
966000 2152
967000 2169
968000 2138
969000 2143
970000 2169
971000 2190
972000 2170
973000 2157
974000 2814
975000 2517
976000 2516
977000 3017
978000 2331
979000 2510
980000 2206
981000 2230
982000 2200
983000 2200
984000 2283
985000 2346
986000 2207
987000 2213
988000 2250
989000 2225
990000 2157
991000 2230
992000 2479
993000 2519
994000 2228
995000 2261
996000 2217
997000 2260
998000 2194
999000 2237
