10000 0.136976
12000 0.179272
14000 0.233154
16000 0.364952
18000 0.457677
20000 0.477419
22000 0.555079
24000 0.592798
26000 0.712507
28000 0.840655
30000 0.96829
32000 1.50208
34000 1.48999
36000 1.52001
38000 1.93501
40000 1.96783
42000 1.88919
44000 2.11167
46000 2.24335
48000 2.45653
50000 2.65631
52000 2.88248
54000 3.11693
56000 3.41697
58000 3.6422
60000 3.9063
62000 4.12757
64000 4.43584
66000 4.6509
68000 5.06957
70000 5.36275
72000 5.81482
74000 6.21672
76000 6.69967
78000 7.53876
80000 7.82033
82000 8.06924
84000 8.53848
86000 9.04051
88000 10.2264
90000 11.5625
92000 10.343
94000 10.9809
96000 11.5208
98000 12.1781
