10000 0.0013839
12000 0.0019395
14000 0.0018836
16000 0.0028933
18000 0.005037
20000 0.0050413
22000 0.0045931
24000 0.0056761
26000 0.006638
28000 0.0077734
30000 0.0121486
32000 0.0123842
34000 0.0131454
36000 0.0194557
38000 0.018605
40000 0.0164039
42000 0.0179827
44000 0.0255106
46000 0.0212403
48000 0.031419
50000 0.0252698
52000 0.0268753
54000 0.0302312
56000 0.0321365
58000 0.0348726
60000 0.0511803
62000 0.0407231
64000 0.0413406
66000 0.0437454
68000 0.0480404
70000 0.066925
72000 0.0706004
74000 0.0591254
76000 0.0656501
78000 0.0670965
80000 0.077529
82000 0.0771529
84000 0.0977475
86000 0.108969
88000 0.123576
90000 0.115233
92000 0.10873
94000 0.124099
96000 0.135144
98000 0.139963
