10000 7.17e-05
12000 0.000151
14000 6.36e-05
16000 7.01e-05
18000 0.00012
20000 0.0001079
22000 0.0001348
24000 0.0001212
26000 0.0001211
28000 0.0001261
30000 0.0003137
32000 0.0001351
34000 0.0002699
36000 0.0004015
38000 0.0002128
40000 0.0002171
42000 0.0002261
44000 0.000227
46000 0.0002259
48000 0.0004992
50000 0.0005562
52000 0.0003712
54000 0.0002744
56000 0.0002526
58000 0.0003205
60000 0.000289
62000 0.0003826
64000 0.0002739
66000 0.0005882
68000 0.0004986
70000 0.0007126
72000 0.0005133
74000 0.0005716
76000 0.0007565
78000 0.000553
80000 0.0005861
82000 0.0006656
84000 0.0009046
86000 0.0006109
88000 0.0007066
90000 0.000615
92000 0.0006266
94000 0.0009103
96000 0.0007187
98000 0.0006558
